2 0.16328125 0.43671875 0.21953125 0.03671875
2 0.971875 0.93984375 0.05625 0.1046875
2 0.2015625 0.196875 0.10546875 0.04765625
2 0.93828125 0.48046875 0.10078125 0.06328125
1 0.525 0.86171875 0.25625 0.05703125
1 0.0921875 0.79921875 0.184375 0.06171875
0 0.16328125 0.4359375 0.21328125 0.05078125
1 0.56171875 0.48515625 0.2171875 0.04765625
0 0.925 0.48203125 0.15 0.04765625
1 0.9046875 0.221875 0.190625 0.034375
1 0.5578125 0.2265625 0.18515625 0.04609375
0 0.2328125 0.19921875 0.165625 0.04609375
1 0.57734375 0.0203125 0.15078125 0.03984375
1 0.871875 0.071875 0.171875 0.03515625
