2 0.1171875 0.778125 0.0609375 0.08671875
2 0.1140625 0.43515625 0.0640625 0.07734375
2 0.2546875 0.23359375 0.1578125 0.04765625
2 0.26953125 0.07265625 0.06796875 0.05234375
2 0.93125 0.23671875 0.0625 0.07265625
2 0.8640625 0.496875 0.059375 0.08046875
2 0.63203125 0.25234375 0.0421875 0.05703125
0 0.1 0.7890625 0.1953125 0.09140625
0 0.184375 0.43515625 0.20390625 0.05859375
0 0.25390625 0.23125 0.16640625 0.04609375
0 0.30390625 0.07265625 0.13984375 0.03984375
1 0.56015625 0.08203125 0.15234375 0.06484375
0 0.56328125 0.2484375 0.171875 0.04921875
1 0.53125 0.4640625 0.19140625 0.06328125
1 0.51015625 0.88515625 0.28515625 0.103125
1 0.94296875 0.90078125 0.1140625 0.0546875
0 0.91484375 0.49453125 0.1703125 0.071875
0 0.8828125 0.23671875 0.20390625 0.05703125
1 0.84765625 0.071875 0.16484375 0.05078125
