2 0.13671875 0.16171875 0.07734375 0.03828125
2 0.13515625 0.3296875 0.06796875 0.04375
2 0.48515625 0.24921875 0.0453125 0.19296875
2 0.503125 0.83984375 0.1109375 0.03203125
2 0.49296875 0.74921875 0.0703125 0.02109375
2 0.80234375 0.84765625 0.08203125 0.04609375
2 0.0921875 0.4828125 0.06015625 0.03828125
0 0.13203125 0.25625 0.053125 0.23828125
0 0.484375 0.26796875 0.02578125 0.23125
1 0.825 0.28046875 0.06875 0.2296875
0 0.0953125 0.5578125 0.04375 0.22265625
1 0.46796875 0.56875 0.0390625 0.21953125
1 0.82109375 0.57734375 0.06171875 0.2203125
1 0.1265625 0.84609375 0.06953125 0.2171875
0 0.48046875 0.846875 0.03828125 0.22109375
0 0.8015625 0.846875 0.05859375 0.2171875
