2 0.32734375 0.05390625 0.03671875 0.0671875
2 0.86015625 0.821875 0.05859375 0.1390625
0 0.29375 0.04296875 0.11640625 0.02734375
1 0.259375 0.23125 0.13671875 0.01875
1 0.215625 0.46640625 0.1171875 0.03125
1 0.13828125 0.78203125 0.1921875 0.05859375
1 0.484375 0.46171875 0.13125 0.03984375
1 0.45078125 0.79765625 0.18828125 0.046875
1 0.4875 0.23203125 0.1390625 0.02421875
1 0.490625 0.0609375 0.12890625 0.028125
1 0.7234375 0.05078125 0.13515625 0.04765625
1 0.734375 0.2296875 0.15546875 0.040625
1 0.759375 0.79453125 0.14140625 0.04140625
