2 0.3890625 0.734375 0.04765625 0.03359375
2 0.9296875 0.225 0.05078125 0.040625
1 0.0859375 0.1984375 0.04765625 0.18671875
1 0.3765625 0.20625 0.04375 0.184375
1 0.63828125 0.20703125 0.04453125 0.184375
0 0.9296875 0.20703125 0.046875 0.18203125
1 0.1 0.46015625 0.03046875 0.171875
1 0.37421875 0.4625 0.0328125 0.17265625
1 0.64296875 0.46328125 0.03984375 0.18046875
1 0.93359375 0.45625 0.046875 0.13984375
1 0.1171875 0.69765625 0.03984375 0.1859375
0 0.3875 0.69765625 0.03671875 0.175
1 0.65546875 0.709375 0.03515625 0.178125
