2 0.13125 0.171875 0.071875 0.03125
2 0.490625 0.70390625 0.07265625 0.0265625
2 0.92734375 0.6953125 0.07890625 0.17578125
0 0.1359375 0.2515625 0.05546875 0.18515625
1 0.4125 0.253125 0.0328125 0.1734375
1 0.671875 0.253125 0.03828125 0.1765625
1 0.90390625 0.25234375 0.034375 0.175
1 0.1296875 0.4921875 0.05078125 0.17890625
1 0.42890625 0.48828125 0.0421875 0.1734375
1 0.70546875 0.484375 0.04296875 0.1734375
1 0.9265625 0.475 0.04296875 0.1703125
1 0.1890625 0.7203125 0.07734375 0.17109375
0 0.4703125 0.7109375 0.0390625 0.17578125
1 0.715625 0.696875 0.03828125 0.171875
0 0.92578125 0.69609375 0.0765625 0.16875
