2 0.115625 0.1109375 0.05 0.02109375
2 0.11640625 0.24609375 0.05 0.021875
2 0.396875 0.13359375 0.03359375 0.01796875
2 0.3984375 0.24453125 0.03125 0.02109375
2 0.9046875 0.3625 0.0359375 0.02109375
2 0.4453125 0.64765625 0.084375 0.03125
2 0.68046875 0.65390625 0.0546875 0.0359375
2 0.896875 0.65390625 0.07578125 0.17421875
0 0.11484375 0.1875 0.03828125 0.18984375
0 0.39765625 0.19375 0.02109375 0.1890625
1 0.66328125 0.19921875 0.028125 0.18515625
1 0.90078125 0.20078125 0.0359375 0.184375
0 0.90703125 0.43203125 0.02578125 0.17265625
1 0.68046875 0.4359375 0.0359375 0.175
1 0.40078125 0.43359375 0.02734375 0.178125
1 0.10078125 0.4296875 0.03671875 0.178125
1 0.14609375 0.66171875 0.0671875 0.17109375
0 0.4265625 0.65859375 0.0359375 0.17265625
0 0.675 0.65 0.03046875 0.16796875
0 0.89609375 0.6546875 0.0640625 0.16875
