2 0.96171875 0.93125 0.0765625 0.07421875
2 0.9296875 0.5046875 0.140625 0.04609375
2 0.14296875 0.45078125 0.21875 0.05234375
2 0.86015625 0.06171875 0.13515625 0.05859375
1 0.5515625 0.92890625 0.28984375 0.1015625
1 0.084375 0.83984375 0.16640625 0.04921875
0 0.1421875 0.45390625 0.2125 0.05859375
1 0.24375 0.16875 0.1796875 0.04765625
1 0.56953125 0.1953125 0.18046875 0.04765625
0 0.878125 0.06328125 0.1734375 0.04921875
1 0.9109375 0.265625 0.17265625 0.03984375
0 0.93125 0.5046875 0.13671875 0.05234375
1 0.546875 0.4921875 0.23046875 0.06171875
