2 0.46640625 0.740625 0.084375 0.02890625
2 0.9265625 0.70703125 0.10546875 0.17890625
1 0.821875 0.2515625 0.05703125 0.1875
1 0.5859375 0.26640625 0.07109375 0.1859375
1 0.31171875 0.278125 0.08125 0.1890625
1 0.034375 0.29921875 0.06875 0.1796875
1 0.05234375 0.5421875 0.07890625 0.18671875
1 0.36640625 0.52109375 0.0828125 0.18671875
1 0.65234375 0.50234375 0.075 0.1828125
1 0.87578125 0.48046875 0.075 0.1796875
1 0.146875 0.78125 0.10859375 0.18359375
0 0.446875 0.75078125 0.06953125 0.18515625
1 0.69765625 0.721875 0.05625 0.18203125
0 0.91953125 0.71015625 0.1 0.18046875
