2 0.21796875 0.14609375 0.08828125 0.07265625
2 0.63828125 0.4 0.0546875 0.08359375
2 0.93984375 0.390625 0.05625 0.0953125
2 0.190625 0.3578125 0.19921875 0.04921875
2 0.9484375 0.78125 0.09296875 0.10625
1 0.8546875 0.0375 0.15859375 0.03828125
0 0.2578125 0.15 0.1515625 0.04609375
1 0.5625 0.175 0.1703125 0.04453125
1 0.89453125 0.16796875 0.18984375 0.04609375
0 0.91171875 0.39609375 0.165625 0.06640625
0 0.56328125 0.40234375 0.21015625 0.06640625
0 0.19375 0.35625 0.203125 0.05546875
1 0.10703125 0.65859375 0.2140625 0.0578125
1 0.52734375 0.71953125 0.2390625 0.06015625
0 0.953125 0.78359375 0.09375 0.07109375
