2 0.12734375 0.553125 0.2140625 0.05390625
2 0.95703125 0.60859375 0.0578125 0.07578125
2 0.07265625 0.97265625 0.1453125 0.05390625
0 0.93828125 0.60625 0.1234375 0.05859375
1 0.565625 0.609375 0.2421875 0.06796875
0 0.13125 0.553125 0.2296875 0.05703125
1 0.2140625 0.28125 0.17734375 0.03984375
1 0.55859375 0.30390625 0.19375 0.05859375
1 0.91484375 0.31171875 0.1703125 0.04375
1 0.89296875 0.13515625 0.184375 0.04765625
1 0.57890625 0.07890625 0.159375 0.04609375
1 0.29296875 0.06171875 0.15390625 0.03671875
