2 0.07109375 0.96640625 0.14140625 0.06640625
2 0.225 0.29921875 0.1796875 0.03984375
2 0.2796875 0.11171875 0.15 0.05390625
2 0.53359375 0.13515625 0.11640625 0.04765625
2 0.9625 0.315625 0.06171875 0.08203125
2 0.8640625 0.3140625 0.12265625 0.08203125
2 0.9 0.63984375 0.0703125 0.09140625
2 0.6359375 0.328125 0.0359375 0.07578125
0 0.28125 0.11484375 0.153125 0.04140625
0 0.221875 0.3 0.18046875 0.04140625
1 0.14140625 0.54609375 0.21953125 0.05859375
0 0.55859375 0.13046875 0.159375 0.05078125
0 0.5609375 0.32734375 0.19140625 0.05546875
1 0.52734375 0.5875 0.21328125 0.06328125
1 0.86875 0.12421875 0.18046875 0.04140625
0 0.9 0.31484375 0.19921875 0.05546875
0 0.93125 0.640625 0.1375 0.06171875
1 0.83984375 0.0140625 0.1484375 0.028125
