2 0.8625 0.0140625 0.16640625 0.028125
2 0.1796875 0.67265625 0.040625 0.08671875
2 0.05625 0.66953125 0.1125 0.07109375
2 0.17265625 0.34609375 0.19375 0.05390625
2 0.978125 0.746875 0.04375 0.1
2 0.91953125 0.3921875 0.1609375 0.0625
0 0.1046875 0.66953125 0.20859375 0.06484375
1 0.55546875 0.74140625 0.26796875 0.08828125
0 0.17734375 0.34921875 0.19765625 0.06328125
1 0.5484375 0.3828125 0.21328125 0.06484375
0 0.95 0.75234375 0.1 0.06328125
0 0.9234375 0.39296875 0.153125 0.05078125
1 0.90390625 0.18203125 0.19140625 0.05234375
1 0.57265625 0.1234375 0.16953125 0.05234375
1 0.26796875 0.1015625 0.17265625 0.04921875
