2 0.8640625 0.5078125 0.2546875 0.04921875
2 0.4171875 0.24921875 0.19765625 0.04765625
2 0.784375 0.19375 0.22734375 0.07890625
2 0.090625 0.284375 0.1671875 0.05390625
1 0.4203125 0.58515625 0.2171875 0.08046875
0 0.86640625 0.509375 0.2515625 0.07421875
0 0.7796875 0.196875 0.22578125 0.07890625
0 0.4140625 0.24453125 0.20546875 0.05703125
1 0.0359375 0.63671875 0.07109375 0.05546875
0 0.08828125 0.28203125 0.17265625 0.06484375
1 0.13828125 0.02578125 0.17421875 0.0515625
1 0.41328125 0.02734375 0.175 0.05390625
