2 0.16171875 0.4078125 0.0375 0.04453125
2 0.14375 0.47890625 0.03671875 0.046875
2 0.184375 0.5609375 0.0484375 0.0703125
2 0.246875 0.59375 0.0484375 0.0921875
2 0.43046875 0.73203125 0.075 0.07734375
2 0.60703125 0.51953125 0.05 0.053125
2 0.50859375 0.315625 0.05625 0.05625
2 0.646875 0.384375 0.0546875 0.084375
2 0.75390625 0.52421875 0.05 0.090625
2 0.63046875 0.6390625 0.053125 0.0859375
2 0.5421875 0.74609375 0.0484375 0.08125
2 0.79453125 0.415625 0.05703125 0.08125
2 0.81875 0.53828125 0.0515625 0.09921875
2 0.2171875 0.328125 0.0515625 0.065625
2 0.325 0.49609375 0.0359375 0.07421875
2 0.39453125 0.4609375 0.034375 0.04140625
2 0.55 0.62421875 0.05546875 0.09921875
2 0.73046875 0.64609375 0.05390625 0.071875
2 0.690625 0.77109375 0.07109375 0.09296875
2 0.94140625 0.4984375 0.08828125 0.14453125
2 0.37890625 0.525 0.03125 0.07265625
2 0.70234375 0.32109375 0.071875 0.1109375
2 0.0734375 0.77890625 0.11484375 0.06171875
2 0.4015625 0.78515625 0.0796875 0.053125
2 0.61484375 0.303125 0.09140625 0.08515625
